0 0.0625 0 1 0.00096 3
0.5 0.75 0 0.0625 0.01408 11
0.75 0.8125 0 0.125 0.0256 10
0.25 0.375 0 0.125 0.00128 1
0.5 0.625 0.5 0.53125 5.46816 1068
0.25 0.28125 0.5 0.625 2.02752 396
0.5 0.5625 0.25 0.265625 3.2768 160
0.25 0.375 0.75 0.78125 0.61952 121
0.25 0.375 0.25 0.3125 0.17664 69
0.875 0.90625 0 0.125 0 0
0.5 0.625 0.75 0.8125 0.32256 126
0.375 0.40625 0.25 0.28125 0.34816 17
0.5 0.75 0.125 0.140625 0.17408 34
0.125 0.1875 0 0.25 0.00256 2
0.75 0.8125 0.5 0.5625 0.55808 109
0.5 0.5625 0.625 0.65625 2.69312 263
0.75 0.765625 0.25 0.3125 1.37216 67
0.25 0.3125 0.625 0.6875 1.83296 358
0.625 0.6875 0.5 0.53125 3.4304 335
0.5 0.625 0.1875 0.203125 1.42336 139
0.25 0.3125 0.375 0.4375 0.77824 152
0.625 0.65625 0.625 0.6875 0.58368 57
0.25 0.5 0.875 0.9375 0.02048 16
0.125 0.1875 0.5 0.625 0.31488 123
0.125 0.1875 0.75 0.8125 0.03584 7
0.625 0.640625 0.25 0.28125 5.61152 137
0.375 0.40625 0.375 0.4375 2.49856 244
0.6875 0.71875 0.25 0.28125 2.88768 141
0.8125 0.828125 0.25 0.5 0.63488 124
0.375 0.5 0.5 0.625 5.58336 4362
0.25 0.3125 0.6875 0.71875 1.10592 108
0.25 0.3125 0.125 0.25 0.0128 5
0.125 0.25 0.25 0.3125 0.0128 5
0.375 0.4375 0.125 0.1875 0.07168 14
0.625 0.6875 0.5625 0.59375 1.40288 137
0.75 0.875 0.75 1 0.00064 1
0.4375 0.453125 0.25 0.3125 1.49504 73
0.25 0.3125 0.4375 0.5 1.52576 298
0.5 0.625 0.875 1 0.0064 5
0.1875 0.21875 0.5 0.625 0.7936 155
0.25 0.5 0.8125 0.84375 0.192 75
0.75 0.875 0.625 0.75 0.01408 11
0.3125 0.328125 0.5 0.625 3.23584 316
0.5 0.5625 0.5625 0.625 3.70688 724
0.625 0.75 0.75 0.78125 0.07168 14
0.4375 0.46875 0.375 0.5 4.73088 924
0.125 0.1875 0.375 0.5 0.12288 48
0.75 0.8125 0.125 0.1875 0.16384 32
0.5 0.5625 0.6875 0.71875 1.30048 127
0.5625 0.625 0.25 0.28125 4.98688 487
0.375 0.4375 0.1875 0.21875 0.16384 16
0.3125 0.34375 0.4375 0.46875 2.2528 110
0.375 0.5 0.625 0.65625 4.44928 869
0.5 0.625 0.21875 0.25 2.93888 574
0.71875 0.75 0.25 0.28125 1.90464 93
0.5 0.5625 0.375 0.4375 8.46336 1653
0.5 0.5625 0.3125 0.375 7.56736 1478
0.5625 0.59375 0.625 0.65625 2.02752 99
0.5625 0.59375 0.5625 0.625 2.48832 243
0.6875 0.75 0.5 0.53125 2.08896 204
0.1875 0.25 0.375 0.40625 0.14336 14
0.21875 0.25 0.5 0.625 1.38752 271
0.5 0.75 0.15625 0.1875 0.7424 290
0.4375 0.46875 0.3125 0.375 3.072 300
0.3125 0.375 0.625 0.6875 3.20512 626
0.8125 0.875 0.5 0.5625 0.1536 30
0.25 0.3125 0.3125 0.375 0.28672 56
0.78125 0.796875 0.25 0.5 1.32096 258
0.8125 0.875 0.125 0.25 0.05376 21
0.25 0.375 0.71875 0.75 1.01376 198
0.5 0.75 0.0625 0.09375 0.05632 22
0.9375 1 0 1 0.00128 4
0.6875 0.71875 0.5625 0.59375 0.86016 42
0.6875 0.75 0.625 0.75 0.07936 31
0.90625 0.9375 0 0.5 0.01152 9
0.375 0.40625 0.3125 0.375 1.40288 137
0.4375 0.46875 0.1875 0.25 0.68608 67
0.25 0.3125 0.78125 0.8125 0.16384 16
0.5 0.625 0.8125 0.84375 0.16384 32
0.375 0.40625 0.4375 0.5 3.59424 351
0.84375 0.875 0.25 0.5 0.22272 87
0.125 0.25 0.875 1 0.00256 2
0.75 0.8125 0.5625 0.59375 0.23552 23
0.3125 0.375 0.3125 0.375 0.7424 145
0.5625 0.625 0.6875 0.71875 0.72704 71
0.5625 0.625 0.375 0.4375 10.5062 2052
0.5625 0.625 0.3125 0.34375 8.45824 826
0.59375 0.625 0.5625 0.625 1.80224 176
0.5625 0.625 0.4375 0.453125 9.15456 447
0.5625 0.625 0.28125 0.3125 7.33184 716
0.21875 0.234375 0.625 0.6875 0.75776 37
0.375 0.5 0.65625 0.6875 3.2768 640
0.0625 0.09375 0 1 0.00512 8
0.375 0.5 0.6875 0.71875 2.47296 483
0.3125 0.34375 0.375 0.40625 0.8192 40
0.625 0.6875 0.21875 0.25 2.60096 254
0.5625 0.625 0.34375 0.375 10.8749 1062
0.1875 0.21875 0.625 0.6875 0.52224 51
0.65625 0.6875 0.25 0.28125 4.34176 212
0.46875 0.5 0.375 0.5 6.144 1200
0.875 0.90625 0.5 1 0.00768 6
0.875 0.90625 0.25 0.5 0.1024 40
0.5 0.5625 0.53125 0.5625 4.70016 459
0.28125 0.3125 0.5 0.625 2.87744 562
0.75 0.78125 0.1875 0.25 0.57344 56
0.71875 0.75 0.375 0.40625 5.2224 255
0.625 0.6875 0.53125 0.5625 2.32448 227
0.5625 0.625 0.65625 0.6875 0.8192 80
0.5 0.5625 0.4375 0.46875 7.3216 715
0.5 0.75 0.140625 0.15625 0.4352 85
0.6875 0.75 0.21875 0.25 1.56672 153
0.1875 0.21875 0.4375 0.5 0.36864 36
0.8125 0.875 0 0.125 0 0
0.3125 0.375 0.125 0.25 0.06144 24
0.46875 0.5 0.25 0.3125 2.79552 273
0.46875 0.5 0.3125 0.375 4.47488 437
0.21875 0.25 0.6875 0.75 0.50176 49
0.34375 0.359375 0.5 0.625 4.43392 433
0.3125 0.375 0.6875 0.71875 1.9968 195
0.71875 0.75 0.4375 0.46875 3.70688 181
0.4375 0.5 0.125 0.15625 0.1024 10
0.21875 0.25 0.4375 0.5 0.9216 90
0.40625 0.4375 0.25 0.3125 1.30048 127
0.6875 0.71875 0.53125 0.5625 1.536 75
0.5 0.625 0.203125 0.21875 1.96608 192
0.1875 0.21875 0.6875 0.75 0.16384 16
0.4375 0.5 0.15625 0.1875 0.41984 41
0.625 0.65625 0.375 0.4375 9.1136 890
0.625 0.65625 0.3125 0.34375 7.84384 383
0.6875 0.71875 0.375 0.4375 6.30784 616
0.6875 0.71875 0.4375 0.5 3.91168 382
0.6875 0.71875 0.3125 0.375 5.45792 533
0.625 0.65625 0.4375 0.5 6.85056 669
0.125 0.25 0.3125 0.375 0.08704 34
0.25 0.5 0.9375 1 0.00128 1
0.5 0.5625 0.28125 0.3125 5.40672 528
0.8125 0.875 0.5625 0.625 0.03584 7
0.5 0.5625 0.46875 0.5 6.68672 653
0.34375 0.375 0.4375 0.46875 3.05152 149
0.765625 0.78125 0.25 0.5 1.52064 297
0.625 0.65625 0.28125 0.3125 6.63552 324
0.1875 0.25 0.75 0.8125 0.14336 28
0.625 0.6875 0.59375 0.625 0.86016 84
0.40625 0.4375 0.4375 0.46875 4.3008 210
0.71875 0.734375 0.3125 0.375 4.4032 215
0.375 0.5 0.71875 0.734375 1.81248 177
0.5 0.5625 0.84375 0.875 0.07168 7
0.375 0.5 0 0.0625 0.00256 1
0.1875 0.25 0.8125 0.875 0.03584 7
0.625 0.6875 0.6875 0.75 0.19968 39
0.40625 0.4375 0.375 0.4375 3.50208 342
0.625 0.75 0.8125 0.875 0.00256 1
0.796875 0.8125 0.25 0.5 0.9728 190
0.125 0.1875 0.8125 0.875 0 0
0.5625 0.625 0.71875 0.75 0.34816 34
0.34375 0.375 0.375 0.4375 1.7408 170
0.71875 0.75 0.28125 0.3125 3.15392 154
0.375 0.4375 0.21875 0.25 0.50176 49
0.09375 0.125 0 0.25 0 0
0.125 0.1875 0.625 0.6875 0.23552 46
0.5 0.5625 0.65625 0.6875 1.8944 185
0.640625 0.65625 0.25 0.28125 3.19488 78
0.375 0.5 0.75 0.78125 0.93696 183
0.40625 0.4375 0.3125 0.375 2.10944 206
0.78125 0.8125 0.1875 0.25 0.21504 21
0.09375 0.125 0.5 0.75 0.05632 22
0.59375 0.625 0.625 0.65625 1.024 50
0.09375 0.125 0.75 1 0 0
0.5625 0.625 0.46875 0.5 6.71744 656
0.5 0.75 0.09375 0.125 0.14336 56
0.65625 0.6875 0.625 0.6875 0.24576 24
0.34375 0.375 0.46875 0.5 4.38272 214
0.5625 0.625 0.53125 0.5625 3.6352 355
0.1875 0.25 0.40625 0.4375 0.39936 39
0.328125 0.34375 0.5 0.625 4.17792 408
0.875 0.90625 0.125 0.25 0.01536 3
0.5625 0.625 0.84375 0.875 0.01024 1
0.09375 0.125 0.25 0.5 0.02304 9
0.734375 0.75 0.3125 0.375 3.05152 149
0.65625 0.6875 0.375 0.4375 7.82336 764
0.65625 0.6875 0.4375 0.46875 6.26688 306
0.1875 0.25 0 0.25 0 0
0.71875 0.75 0.5625 0.625 0.31744 31
0.75 0.765625 0.375 0.4375 2.92864 143
0.65625 0.6875 0.3125 0.375 7.17824 701
0.75 0.765625 0.4375 0.5 1.6384 80
0.90625 0.9375 0.5 1 0.00128 1
0.75 0.765625 0.3125 0.375 2.6624 130
0.359375 0.375 0.5 0.625 5.16096 504
0.5 0.5625 0.265625 0.28125 4.5056 220
0.65625 0.6875 0.28125 0.3125 6.28736 307
0.375 0.40625 0.28125 0.3125 0.88064 43
0.46875 0.5 0.1875 0.25 1.19808 117
0.453125 0.46875 0.25 0.3125 2.27328 111
0.625 0.6875 0.1875 0.203125 1.47456 72
0.5 0.5625 0.71875 0.75 0.91136 89
0.625 0.6875 0.203125 0.21875 2.10944 103
0.6875 0.75 0.1875 0.203125 0.57344 28
0.375 0.5 0.0625 0.125 0.03072 12
0.234375 0.25 0.625 0.6875 1.39264 68
0.6875 0.75 0.203125 0.21875 1.08544 53
0.5625 0.625 0.453125 0.46875 7.55712 369
0.3125 0.34375 0.40625 0.4375 1.4336 70
0.71875 0.75 0.46875 0.5 2.47808 121
0.3125 0.34375 0.46875 0.5 3.23584 158
0.375 0.5 0.78125 0.8125 0.4864 95
0.6875 0.71875 0.59375 0.625 0.43008 21
0.625 0.65625 0.34375 0.375 9.91232 484
0.6875 0.71875 0.28125 0.3125 3.97312 194
0.65625 0.6875 0.46875 0.5 4.85376 237
0.375 0.5 0.734375 0.75 1.20832 118
0.25 0.5 0.84375 0.875 0.09984 39
0.625 0.75 0.78125 0.8125 0.01536 3
0.828125 0.84375 0.25 0.5 0.39424 77
0.3125 0.375 0.78125 0.8125 0.39936 39
0.75 0.8125 0.59375 0.625 0.11264 11
0.625 0.75 0.875 1 0 0
0.125 0.1875 0.6875 0.75 0.12288 24
0.40625 0.4375 0.46875 0.5 5.7344 280
0.71875 0.75 0.40625 0.4375 3.7888 185
0.71875 0.75 0.53125 0.5625 0.79872 39
